0.746
0.801
0.752
0.68
0.719
0.742
0.76
0.659
0.701
0.707
0.696
0.776
0.92
0.779
0.674
0.719
0.742
0.668
0.762
0.832
0.751
0.751
0.802
0.711
0.698
0.791
0.735
0.678
0.762
0.788
0.704
0.777
0.774
0.729
0.825
0.893
0.741
0.679
0.716
0.756
0.719
0.728
0.845
0.854
0.741
0.948
0.886
0.76
0.875
0.821
0.711
0.765
0.721
0.665
0.681
0.83
0.733
0.697
0.892
0.916
0.787
0.81
0.722
0.735
0.81
0.731
0.744
0.791
0.72
0.729
0.776
0.731
0.685
0.745
0.711
0.683
0.784
0.796
0.689
0.709
0.735
0.685
0.665
0.78
0.793
0.692
0.786
0.771
0.679
0.712
0.755
0.69
0.727
0.788
0.679
0.657
0.701
0.709
0.662
0.716
0.704
0.64
0.65
0.701
0.667
0.691
0.783
0.705
0.69
0.724
0.671
0.653
0.697
0.705
0.636
0.661
0.676
0.668
0.645
0.695
0.747
0.662
0.672
0.731
0.737
0.647
0.634
0.674
0.709
0.661
0.734
0.775
0.689
0.656
0.693
0.723
0.674
0.664
0.694
0.681
0.653
0.724
0.769
0.678
0.721
0.702
0.663
0.735
0.726
0.668
0.722
0.698
0.643
0.691
0.671
0.646
0.711
0.724
0.645
0.7
0.672
0.708
0.762
0.655
0.662
0.643
0.606
0.621
0.66
0.643
0.75
0.805
0.707
0.799
0.771
0.654
0.653
0.663
0.671
0.649
0.697
0.739
0.664
0.697
0.74
0.68
0.669
0.686
0.68
0.645
0.665
0.705
0.755
0.652
0.67
0.709
0.679
0.717
0.712
0.667
0.664
0.692
0.691
0.653
0.709
0.701
0.682
0.639
0.71
0.736
0.663
0.664
0.712
0.755
0.712
0.678
0.684
0.676
0.631
0.636
0.682
0.732
0.693
0.686
0.697
0.705
0.649
0.655
0.675
0.664
0.646
0.692
0.663
0.688
0.704
0.647
0.644
0.678
0.709
0.674
0.683
0.703
0.668
0.649
0.648
0.66
0.685
0.682
0.841
0.77
0.767
0.792
0.715
0.704
0.726
0.741
0.686
0.746
0.765
0.706
0.757
0.731
0.686
0.736
0.838
0.754
0.697
0.75
0.725
0.671
0.652
0.698
0.964
0.662
0.904
0.785
0.738
0.883
0.838
0.748
0.781
0.799
0.703
0.727
0.765
0.847
0.761
0.708
0.748
0.743
0.701
0.789
0.858
0.788
0.776
0.802
0.725
0.729
0.753
0.718
0.666
0.688
0.766
0.73
0.717
0.805
0.789
0.705
0.679
0.705
0.758
0.71
0.735
0.763
0.734
0.668
0.645
0.668
0.673
0.73
0.748
0.722
0.728
0.745
0.72
0.666
0.726
0.725
0.716
0.704
0.757
0.705
0.665
0.705
0.716
0.685
0.685
0.765
0.723
0.693
0.742
0.76
0.683
0.671
0.69
0.712
0.686
0.711
0.747
0.713
0.729
0.757
0.711
0.686
0.718
0.757
0.712
0.791
0.813
0.717
0.705
0.743
0.765
0.706
0.809
0.809
0.738
0.924
0.844
0.753
0.813
0.777
0.715
0.758
0.729
0.688
0.754
0.795
0.744
0.805
0.717
0.753
0.892
0.757
0.768
0.743
0.681
0.775
0.885
0.716
0.716
0.87
0.722
0.695
0.717
0.75
0.69
0.733
0.738
0.712
0.813
0.775
0.71
0.697
0.737
0.712
0.7
0.787
0.724
0.717
0.732
0.678
0.68
0.75
0.758
0.711
0.772
0.75
0.691
0.731
0.699
0.615
0.599
0.586
0.589
0.58
0.573
0.572
0.579
0.562
0.56
0.562
0.555
0.55
0.556
0.559
0.564
0.556
0.556
0.562
0.579
0.585
0.585
0.573
0.574
0.555
0.56
0.554
0.547
0.543
0.556
0.554
0.562
0.542
0.55
0.561
0.553
0.57
0.56
0.57
0.578
0.592
0.623
0.611
0.58
0.598
0.589
0.577
0.576
0.581
0.594
0.578
0.585
0.587
0.603
0.589
0.604
0.628
0.601
0.634
0.649
0.6
0.608
0.625
0.604
0.626
0.634
0.6
0.636
0.643
0.601
0.619
0.612
0.604
0.641
0.617
0.606
0.594
0.593
0.57
0.572
0.58
0.579
0.582
0.586
0.571
0.573
0.593
0.627
0.603
0.633
0.592
0.59
0.587
0.572
0.566
0.57
0.588
0.604
0.616
0.641
0.631
0.596
0.616
0.59
0.584
0.594
0.581
0.57
0.575
0.588
0.571
0.57
0.581
0.553
0.565
0.571
0.577
0.57
0.583
0.573
0.574
0.58
0.566
0.569
0.57
0.566
0.571
0.588
0.575
0.583
0.584
0.58
0.581
0.58
0.566
0.572
0.582
0.58
0.605
0.588
0.595
0.598
0.579
0.605
0.601
0.576
0.582
0.569
0.567
0.591
0.609
0.605
0.634
0.589
0.608
0.61
0.588
0.593
0.602
0.594
0.596
0.599
0.591
0.574
0.58
0.576
0.582
0.604
0.619
0.607
0.649
0.659
0.631
0.648
0.639
0.614
0.628
0.618
0.611
0.639
0.609
0.61
0.651
0.615
0.634
0.626
0.604
0.628
0.599
0.609
0.616
0.583
0.6
0.605
0.611
0.663
0.639
0.639
0.633
0.61
0.632
0.612
0.616
0.626
0.609
0.628
0.604
0.606
0.6
0.584
0.61
0.632
0.625
0.678
0.647
0.614
0.629
0.649
0.626
0.645
0.66
0.62
0.637
0.634
0.62
0.616
0.621
0.621
0.606
0.622
0.613
0.601
0.622
0.614
0.627
0.646
0.618
0.61
0.637
0.626
0.606
0.639
0.64
0.607
0.621
0.633
0.606
0.601
0.614
0.609
0.589
0.599
0.659
0.672
0.62
0.689
0.676
0.61
0.67
0.676
0.605
0.615
0.609
0.612
0.599
0.622
0.642
0.61
0.684
0.699
0.618
0.694
0.646
0.628
0.633
0.622
0.613
0.621
0.647
0.649
0.666
0.648
0.647
0.676
0.666
0.62
0.713
0.692
0.625
0.669
0.658
0.628
0.634
0.641
0.613
0.615
0.645
0.622
0.619
0.638
0.668
0.633
0.686
0.703
0.637
0.674
0.673
0.637
0.627
0.633
0.629
0.639
0.665
0.611
0.636
0.669
0.644
0.638
0.658
0.621
0.666
0.692
0.627
0.629
0.653
0.635
0.612
0.632
0.626
0.604
0.63
0.678
0.613
0.626
0.636
0.614
0.612
0.627
0.597
0.615
0.604
0.591
0.595
0.589
0.595
0.59
0.584
0.61
0.628
0.617
0.641
0.622
0.605
0.608
0.604
0.592
0.617
0.612
0.614
0.625
0.616
0.64
0.628
0.632
0.639
0.61
0.617
0.619
0.611
0.627
0.612
0.608
0.641
0.647
0.615
0.643
0.622
0.614
0.634
0.601
0.613
0.623
0.612
0.615
0.614
0.613
0.593
0.596
0.603
0.592
0.605
0.606
0.594
0.603
0.611
0.61
0.695
0.615
0.611
0.614
0.594
0.621
0.623
0.667
0.612
0.652
0.64
0.618
0.653
0.663
0.668
0.621
0.614
0.618
0.609
0.606
0.641
0.651
0.622
0.657
0.643
0.634
0.676
0.621
0.633
0.664
0.634
0.634
0.648
0.604
0.613
0.636
0.672
0.654
0.636
0.666
0.677
0.626
0.651
0.653
0.623
0.667
0.647
0.645
0.68
0.665
0.628
0.648
0.637
0.617
0.626
0.617
0.606
0.63
0.657
0.634
0.626
0.623
0.606
0.604
0.627
0.67
0.631
0.676
0.63
0.625
0.662
0.616
0.603
0.615
0.636
0.626
0.635
0.644
0.66
0.628
0.65
0.66
0.642
0.674
0.659
0.65
0.701
0.642
0.648
0.65
0.641
0.628
0.672
0.664
0.677
0.705
0.673
0.712
0.65
0.772
0.631
0.673
0.695
0.655
0.622
0.639
0.672
0.65
0.646
0.682
0.654
0.711
0.726
0.638
0.733
0.724
0.632
0.693
0.719
0.714
0.642
0.735
0.791
0.727
0.745
0.735
0.719
0.69
0.655
0.658
0.705
0.655
0.652
0.629
0.642
0.646
0.71
0.773
0.71
0.715
0.725
0.697
0.661
0.704
0.746
0.689
0.727
0.725
0.691
0.75
0.754
0.696
0.759
0.711
0.702
0.734
0.707
0.677
0.74
0.797
0.741
0.752
0.782
0.712
0.762
0.71
0.696
0.732
0.717
0.717
0.786
0.748
0.78
0.891
0.764
0.794
0.784
0.715
0.777
0.758
0.764
0.841
0.79
0.712
0.721
0.725
0.689
0.775
0.869
0.811
0.963
0.792
0.848
0.832
0.762
0.791
0.719
0.753
0.75
0.683
0.739
0.739
0.743
0.873
0.854
0.774
0.86
0.795
0.749
0.769
0.747
0.689
0.724
0.763
0.727
0.726
0.757
0.754
0.758
0.806
0.778
0.704
0.719
0.722
0.71
0.804
0.927
0.791
0.899
0.913
0.806
0.807
0.826
0.797
0.773
0.837
0.816
0.82
0.927
0.857
0.757
0.792
0.763
0.745
0.843
0.97
0.875
0.912
0.94
0.805
0.77
0.767
0.728
0.741
0.846
1.026
0.833
0.893
0.844
0.721
0.728
0.91
0.819
0.757
0.805
0.735
0.731
0.838
0.8
0.762
0.884
0.857
0.752
0.778
0.72
0.709
0.753
0.746
0.761
0.803
0.721
0.714
0.739
0.719
0.725
0.873
0.949
0.802
0.846
0.767
0.722
0.742
0.72
0.695
0.754
0.792
0.751
0.866
0.784
0.769
0.778
0.73
0.803
0.834
0.787
0.852
0.913
0.828
0.779
0.829
0.772
0.773
0.822
0.79
0.87
0.814
0.785
0.822
0.772
0.781
0.778
0.748
0.805
0.81
0.773
0.878
0.795
0.806
0.768
0.78
0.883
0.882
0.767
0.807
0.769
0.916
0.779
0.859
0.841
0.723
0.808
0.902
0.751
0.8
0.764
0.88
0.775
0.888
0.868
0.757
0.769
0.725
0.741
0.828
0.774
0.888
0.784
0.81
0.74
0.723
0.752
0.72
0.866
0.881
0.755
0.83
0.828
0.697
0.737
0.729
0.703
0.91
0.858
0.717
0.729
0.75
0.702
0.71
0.831
0.827
0.709
0.77
0.747
0.743
0.806
0.849
0.736
0.663
0.68
0.726
0.708
0.652
0.706
0.729
0.676
0.755
0.783
0.679
0.718
0.759
0.741
0.661
0.665
0.737
0.706
0.703
0.786
0.735
0.841
0.863
0.749
0.679
0.73
0.774
0.725
0.652
0.653
0.781
0.781
0.691
0.673
0.712
0.725
0.668
0.659
0.697
0.715
0.671
0.66
0.742
0.775
0.694
0.675
0.727
0.777
0.709
0.725
0.766
0.727
0.704
0.75
0.783
0.708
0.717
0.728
0.684
0.734
0.796
0.752
0.843
0.833
0.754
0.822
0.835
0.744
0.73
0.819
0.831
0.795
0.881
0.798
0.74
0.773
0.757
0.751
0.894
0.942
0.807
0.892
0.86
0.742
0.76
0.772
0.716
0.792
0.785
0.822
0.905
0.767
0.746
0.798
0.74
0.757
0.764
0.738
0.764
0.776
0.767
0.758
0.741
0.719
0.72
0.746
0.755
0.693
0.701
0.747
0.708
0.691
0.739
0.712
0.669
0.666
0.672
0.725
0.67
0.663
0.676
